1,2158767356,주식회사 아델이엔티,은희도,65,150,800,97.249,10 11,2018/03/27 15:22:14, ,
2,1198645964,주식회사 하늘교육여행사,조승완,65,436,800,97.676,15 07,2018/03/28 13:18:33, ,
,2048193283,(주)케이코오롱트래블,남승해,,,,,규격서평가부적격,
,1098608259,주식회사 케이티비투어,윤광학,,,,,규격서평가부적격,
